z = 0.501007
a = 1.002013
v = 0.000001
t0 = 0.317423
sz = 0.444855
sv = 0.471095
st0 = 0.037509
precision = 3.000000
p = 0.999998
time = 3.460000
